9
13
*****...*****
*****o..*****
*****..o*****
***..o.o.****
***.*.**.****
*...*.**.****
*.o..o......x
*****.***.*y*
*****.....***
( 7,  3) --> ( 6,  3)
( 7,  2) --> ( 7,  1)
( 5,  3) --> ( 5,  4)
( 5,  4) --> ( 5,  5)
( 5,  6) --> ( 6,  6)
( 6,  6) --> ( 7,  6)
( 7,  6) --> ( 8,  6)
( 8,  6) --> ( 9,  6)
( 9,  6) --> (10,  6)
(10,  6) --> (11,  6)
( 5,  5) --> ( 5,  6)
( 5,  6) --> ( 6,  6)
( 6,  6) --> ( 7,  6)
( 7,  6) --> ( 8,  6)
(11,  6) --> (12,  6)
( 8,  6) --> ( 9,  6)
( 9,  6) --> (10,  6)
(10,  6) --> (11,  6)
(11,  6) --> (12,  6)
( 6,  3) --> ( 5,  3)
( 5,  3) --> ( 5,  4)
( 5,  4) --> ( 5,  5)
( 5,  5) --> ( 5,  6)
( 5,  1) --> ( 5,  2)
( 7,  1) --> ( 7,  2)
( 5,  2) --> ( 5,  3)
( 5,  3) --> ( 5,  4)
( 5,  4) --> ( 5,  5)
( 5,  6) --> ( 6,  6)
( 6,  6) --> ( 7,  6)
( 7,  6) --> ( 8,  6)
( 8,  6) --> ( 9,  6)
( 9,  6) --> (10,  6)
(10,  6) --> (11,  6)
( 5,  5) --> ( 5,  6)
( 5,  6) --> ( 6,  6)
( 6,  6) --> ( 7,  6)
( 7,  6) --> ( 8,  6)
(11,  6) --> (12,  6)
( 8,  6) --> ( 9,  6)
( 9,  6) --> (10,  6)
(10,  6) --> (11,  6)
(11,  6) --> (12,  6)
( 7,  2) --> ( 7,  3)
( 7,  3) --> ( 6,  3)
( 6,  3) --> ( 5,  3)
( 5,  3) --> ( 5,  4)
( 5,  4) --> ( 5,  5)
( 5,  5) --> ( 5,  6)
( 5,  6) --> ( 6,  6)
( 2,  6) --> ( 3,  6)
( 3,  6) --> ( 4,  6)
( 6,  6) --> ( 7,  6)
( 7,  6) --> ( 8,  6)
( 8,  6) --> ( 9,  6)
( 4,  6) --> ( 5,  6)
( 5,  6) --> ( 6,  6)
( 6,  6) --> ( 7,  6)
( 9,  6) --> (10,  6)
(10,  6) --> (11,  6)
(11,  6) --> (12,  6)
( 7,  6) --> ( 8,  6)
( 8,  6) --> ( 9,  6)
( 9,  6) --> (10,  6)
(10,  6) --> (11,  6)
(11,  6) --> (12,  6)