8
10
***.....**
***.o..o..
***o****..
*x..y.**..
***.*..o.*
***.**o.o.
.o..o.o.o.
....*.....
( 8,  5) --> ( 9,  5)
( 9,  6) --> ( 8,  6)
( 9,  5) --> ( 9,  4)
( 9,  4) --> ( 9,  3)
( 8,  2) --> ( 7,  2)
( 4,  3) --> ( 4,  4)
( 5,  2) --> ( 4,  2)
( 4,  2) --> ( 4,  3)
( 7,  2) --> ( 6,  2)
( 6,  2) --> ( 5,  2)
( 4,  4) --> ( 3,  4)
( 9,  3) --> ( 9,  2)
( 3,  4) --> ( 2,  4)
( 9,  2) --> ( 8,  2)
( 8,  2) --> ( 7,  2)
( 4,  3) --> ( 4,  4)
( 4,  4) --> ( 3,  4)
( 3,  4) --> ( 2,  4)
( 5,  2) --> ( 4,  2)
( 4,  2) --> ( 4,  3)
( 4,  3) --> ( 4,  4)
( 4,  4) --> ( 3,  4)
( 3,  4) --> ( 2,  4)
( 7,  2) --> ( 6,  2)
( 2,  7) --> ( 3,  7)
( 3,  7) --> ( 4,  7)
( 4,  7) --> ( 4,  6)
( 4,  6) --> ( 4,  5)
( 4,  5) --> ( 4,  4)
( 4,  4) --> ( 4,  3)
( 4,  3) --> ( 4,  4)
( 4,  4) --> ( 3,  4)
( 3,  4) --> ( 2,  4)
( 5,  7) --> ( 4,  7)
( 4,  7) --> ( 3,  7)
( 3,  7) --> ( 4,  7)
( 4,  7) --> ( 4,  6)
( 4,  6) --> ( 4,  5)
( 4,  5) --> ( 4,  4)
( 4,  4) --> ( 3,  4)
( 3,  4) --> ( 2,  4)
( 7,  7) --> ( 6,  7)
( 6,  2) --> ( 5,  2)
( 5,  2) --> ( 4,  2)
( 6,  7) --> ( 5,  7)
( 7,  6) --> ( 7,  7)
( 8,  6) --> ( 7,  6)
( 4,  2) --> ( 4,  3)
( 4,  3) --> ( 4,  4)
( 4,  4) --> ( 3,  4)
( 3,  4) --> ( 2,  4)
( 5,  7) --> ( 4,  7)
( 4,  7) --> ( 3,  7)
( 3,  7) --> ( 4,  7)
( 4,  7) --> ( 4,  6)
( 4,  6) --> ( 4,  5)
( 4,  5) --> ( 4,  4)
( 7,  7) --> ( 6,  7)
( 6,  7) --> ( 5,  7)
( 5,  7) --> ( 4,  7)
( 9,  7) --> ( 8,  7)
( 8,  7) --> ( 7,  7)
( 4,  4) --> ( 3,  4)
( 3,  4) --> ( 2,  4)
( 4,  7) --> ( 3,  7)
( 3,  7) --> ( 4,  7)
( 4,  7) --> ( 4,  6)
( 4,  6) --> ( 4,  5)
( 4,  5) --> ( 4,  4)
( 4,  4) --> ( 3,  4)
( 3,  4) --> ( 2,  4)
( 7,  7) --> ( 6,  7)
( 6,  7) --> ( 5,  7)
( 7,  6) --> ( 7,  7)
( 5,  7) --> ( 4,  7)
( 4,  7) --> ( 3,  7)
( 3,  7) --> ( 4,  7)
( 4,  7) --> ( 4,  6)
( 4,  6) --> ( 4,  5)
( 4,  5) --> ( 4,  4)
( 7,  7) --> ( 6,  7)
( 6,  7) --> ( 5,  7)
( 5,  7) --> ( 4,  7)
( 4,  4) --> ( 3,  4)
( 3,  4) --> ( 2,  4)
( 4,  7) --> ( 3,  7)
( 3,  7) --> ( 4,  7)
( 4,  7) --> ( 4,  6)
( 4,  6) --> ( 4,  5)
( 4,  5) --> ( 4,  4)
( 4,  4) --> ( 3,  4)
( 3,  4) --> ( 2,  4)
